epoch: 2
epoch_loss: 0.006117076717052375
roc auc: 0.617318380741239
tpr: 0.010281046206688483
